EX-A    MSC_TUC3MSS_GSM           AD-986  TIME 090227 1837  PAGE    1
BICC MESSAGE MONITOR RESULT

USER       BCIC        DEV                   ROUTE       TSTCALL
AD-986          0      BID-960               BA7BCDO     NO

TIME        MSG        DIR  DATA
18:37:22:1  IAM        S    00  00  00  00  01  08  60  01  0A  00
                            02  0A  08  83  10  10  41  51  65  72
                            05  0A  07  03  13  83  61  34  02  34
                            08  01  00  31  02  00  5A  1D  03  80
                            90  A3  3F  08  04  93  45  11  15  47
                            00  91  78  21  85  81  C0  00  00  01
                            82  83  02  07  82  83  04  09  82  83
                            01  04  8E  C5  05  83  91  01  01  05
                            86  91  02  06  80  80  01  39  06  78
                            83  31  D0  3F  C0  00

TIME        MSG        DIR  DATA
18:37:26:7  APM        R    00  00  00  00  41  01  38  01  90  78
                            47  85  81  C0  00  00  01  82  83  05
                            02  85  91  00  00  2F  36  03  95  91
                            35  00  01  0A  64  1D  02  00  00  00
                            00  00  00  00  00  00  00  00  00  00
                            0A  86  83  00  DA  36  00  00  04  8E
                            91  05  83  91  01  01  05  86  91  02
                            06  80  80  01  05  86  91  02  06  80
                            80  01  39  02  78  83  00

TIME        MSG        DIR  DATA
18:37:26:8  APM        S    00  00  00  00  41  01  38  01  90  78
                            A0  85  81  C0  00  00  08  18  81  83
                            20  20  76  3D  30  0D  0A  6F  3D  2D
                            20  30  20  30  20  49  4E  20  49  50
                            34  20  31  30  2E  31  30  30  2E  37
                            37  2E  31  33  30  0D  0A  73  3D  2D
                            0D  0A  63  3D  49  4E  20  49  50  34
                            20  31  30  2E  31  30  30  2E  37  37
                            2E  31  33  30  0D  0A  74  3D  30  20
                            30  0D  0A  61  3D  69  70  62  63  70
                            3A  31  20  52  65  71  75  65  73  74
                            0D  0A  6D  3D  61  75  64  69  6F  20
                            33  32  38  39  30  20  52  54  50  2F
                            41  56  50  20  39  36  0D  0A  61  3D
                            72  74  70  6D  61  70  3A  39  36  20
                            56  4E  44  2E  33  47  50  50  2E  49
                            55  46  50  2F  31  36  30  30  30  0D
                            0A  39  02  78  83  00

TIME        MSG        DIR  DATA
18:37:26:9  APM        R    00  00  00  00  41  01  38  01  90  78
                            9D  85  81  C0  00  00  08  15  81  83
                            20  20  76  3D  30  0D  0A  6F  3D  2D
                            20  30  20  30  20  49  4E  20  49  50
                            34  20  31  30  2E  31  30  30  2E  32
                            39  2E  32  0D  0A  73  3D  2D  0D  0A
                            63  3D  49  4E  20  49  50  34  20  31
                            30  2E  31  30  30  2E  32  39  2E  32
                            0D  0A  74  3D  30  20  30  0D  0A  61
                            3D  69  70  62  63  70  3A  31  20  41
                            63  63  65  70  74  65  64  0D  0A  6D
                            3D  61  75  64  69  6F  20  31  32  30
                            38  36  20  52  54  50  2F  41  56  50
                            20  39  36  0D  0A  61  3D  72  74  70
                            6D  61  70  3A  39  36  20  56  4E  44
                            2E  33  47  50  50  2E  49  55  46  50
                            2F  31  36  30  30  30  0D  0A  39  02
                            78  83  00

TIME        MSG        DIR  DATA
18:37:27:4  COT        S    00  00  00  00  05  01

TIME        MSG        DIR  DATA
18:37:31:6  ACM        R    00  00  00  00  06  16  34  01  29  01
                            03  00

TIME        MSG        DIR  DATA
18:37:50:1  REL        S    00  00  00  00  0C  02  00  02  80  90

TIME        MSG        DIR  DATA
18:37:50:2  RLC        R    00  00  00  00  10  00

END

