UL With RNA
wed Aug 30|12:09:04.633|D|001D|MTP2 Dump->83 83 3F 83 EB 07 CA 00 09 00 03 0E 19 0B 12 06 00 72 04 19 89 91 11 11 11 0B 12 07 00 12 04 58 92 20 05 43 07 4E 62 4C 48 02 00 44 6B 1E 28 1C 06 07 00 11 86 05 01 01 01 A0 11 60 0F 80 02 07 80 A1 09 06 07 04 00 00 01 00 01 03 6C 26 A1 24 02 01 24 02 01 02 30 1C 04 08 04 24 10 32 54 76 28 F7 81 07 91 58 92 20 05 43 07 04 07 91 58 92 20 05 43 07 |ProbeConnector.cpp|.|198  
wed Aug 30|12:09:04.633|D|001D|MTP2 Dump->80 80 3F 83 28 C3 04 20 09 00 03 10 1B 0D 13 28 03 07 00 12 04 58 92 20 05 43 07 0B 12 06 00 12 04 19 89 91 11 11 11 3C 64 3A 49 02 00 44 6B 2A 28 28 06 07 00 11 86 05 01 01 01 A0 1D 61 1B 80 02 07 80 A1 09 06 07 04 00 00 01 00 01 03 A2 03 02 01 00 A3 05 A1 03 02 01 00 6C 08 A3 06 02 01 24 02 01 08 |ProbeConnector.cpp|.|198

UL With unknown subscriber
wed Aug 30|12:09:04.633|D|001D|MTP2 Dump->FF FF 3F 83 EB 07 CA 00 09 00 03 0E 19 0B 12 06 00 72 04 19 89 91 11 11 11 0B 12 07 00 12 04 58 92 20 05 43 07 4E 62 4C 48 02 00 46 6B 1E 28 1C 06 07 00 11 86 05 01 01 01 A0 11 60 0F 80 02 07 80 A1 09 06 07 04 00 00 01 00 01 03 6C 26 A1 24 02 01 25 02 01 02 30 1C 04 08 04 24 10 32 54 76 28 F8 81 07 91 58 92 20 05 43 07 04 07 91 58 92 20 05 43 07 |ProbeConnector.cpp|.|198
wed Aug 30|12:09:04.633|D|001D|MTP2 Dump->FF FF 3F 83 28 C3 04 10 09 00 03 10 1B 0D 13 28 03 07 00 12 04 58 92 20 05 43 07 0B 12 06 00 12 04 19 89 91 11 11 11 3C 64 3A 49 02 00 46 6B 2A 28 28 06 07 00 11 86 05 01 01 01 A0 1D 61 1B 80 02 07 80 A1 09 06 07 04 00 00 01 00 01 03 A2 03 02 01 00 A3 05 A1 03 02 01 00 6C 08 A3 06 02 01 25 02 01 01 |ProbeConnector.cpp|.|198

UL With Unexpected data value
wed Aug 30|12:09:04.633|D|001D|MTP2 Dump->80 80 3F 83 EB 07 CA 00 09 00 03 0E 19 0B 12 06 00 72 04 19 89 91 11 11 11 0B 12 07 00 12 04 58 92 20 05 43 07 4E 62 4C 48 02 00 48 6B 1E 28 1C 06 07 00 11 86 05 01 01 01 A0 11 60 0F 80 02 07 80 A1 09 06 07 04 00 00 01 00 01 03 6C 26 A1 24 02 01 26 02 01 02 30 1C 04 08 04 24 10 32 54 76 28 F9 81 07 91 58 92 20 05 43 07 04 07 91 58 92 20 05 43 07 |ProbeConnector.cpp|.|198
wed Aug 30|12:09:04.633|D|001D|MTP2 Dump->80 80 3F 83 28 C3 04 30 09 00 03 10 1B 0D 13 28 03 07 00 12 04 58 92 20 05 43 07 0B 12 06 00 12 04 19 89 91 11 11 11 3C 64 3A 49 02 00 48 6B 2A 28 28 06 07 00 11 86 05 01 01 01 A0 1D 61 1B 80 02 07 80 A1 09 06 07 04 00 00 01 00 01 03 A2 03 02 01 00 A3 05 A1 03 02 01 00 6C 08 A3 06 02 01 26 02 01 24 |ProbeConnector.cpp|.|198

UL With Data missing
wed Aug 30|12:09:04.633|D|001D|MTP2 Dump->81 81 3F 83 EB 07 CA 00 09 00 03 0E 19 0B 12 06 00 72 04 19 89 91 11 11 11 0B 12 07 00 12 04 58 92 20 05 43 07 4E 62 4C 48 02 00 4A 6B 1E 28 1C 06 07 00 11 86 05 01 01 01 A0 11 60 0F 80 02 07 80 A1 09 06 07 04 00 00 01 00 01 03 6C 26 A1 24 02 01 27 02 01 02 30 1C 04 08 04 24 10 32 54 76 38 F0 81 07 91 58 92 20 05 43 07 04 07 91 58 92 20 05 43 07 |ProbeConnector.cpp|.|198
wed Aug 30|12:09:04.633|D|001D|MTP2 Dump->81 81 3F 83 28 C3 04 50 09 00 03 10 1B 0D 13 28 03 07 00 12 04 58 92 20 05 43 07 0B 12 06 00 12 04 19 89 91 11 11 11 3C 64 3A 49 02 00 4A 6B 2A 28 28 06 07 00 11 86 05 01 01 01 A0 1D 61 1B 80 02 07 80 A1 09 06 07 04 00 00 01 00 01 03 A2 03 02 01 00 A3 05 A1 03 02 01 00 6C 08 A3 06 02 01 27 02 01 23 |ProbeConnector.cpp|.|198

UL With System failure
wed Aug 30|12:09:04.633|D|001D|MTP2 Dump->82 82 3F 83 EB 07 CA 00 09 00 03 0E 19 0B 12 06 00 72 04 19 89 91 11 11 11 0B 12 07 00 12 04 58 92 20 05 43 07 4E 62 4C 48 02 00 4C 6B 1E 28 1C 06 07 00 11 86 05 01 01 01 A0 11 60 0F 80 02 07 80 A1 09 06 07 04 00 00 01 00 01 03 6C 26 A1 24 02 01 28 02 01 02 30 1C 04 08 04 24 10 32 54 76 38 F1 81 07 91 58 92 20 05 43 07 04 07 91 58 92 20 05 43 07 |ProbeConnector.cpp|.|198
wed Aug 30|12:09:04.633|D|001D|MTP2 Dump->82 82 3F 83 28 C3 04 70 09 00 03 10 1B 0D 13 28 03 07 00 12 04 58 92 20 05 43 07 0B 12 06 00 12 04 19 89 91 11 11 11 3C 64 3A 49 02 00 4C 6B 2A 28 28 06 07 00 11 86 05 01 01 01 A0 1D 61 1B 80 02 07 80 A1 09 06 07 04 00 00 01 00 01 03 A2 03 02 01 00 A3 05 A1 03 02 01 00 6C 08 A3 06 02 01 28 02 01 22 |ProbeConnector.cpp|.|198

UL With Local Value
wed Aug 30|12:09:04.633|D|001D|MTP2 Dump->83 83 3F 83 EB 07 CA 00 09 00 03 0E 19 0B 12 06 00 72 04 19 89 91 11 11 11 0B 12 07 00 12 04 58 92 20 05 43 07 4E 62 4C 48 02 00 4E 6B 1E 28 1C 06 07 00 11 86 05 01 01 01 A0 11 60 0F 80 02 07 80 A1 09 06 07 04 00 00 01 00 01 03 6C 26 A1 24 02 01 29 02 01 02 30 1C 04 08 04 24 10 32 54 76 38 F2 81 07 91 58 92 20 05 43 07 04 07 91 58 92 20 05 43 07 |ProbeConnector.cpp|.|198
wed Aug 30|12:09:04.633|D|001D|MTP2 Dump->83 83 3F 83 28 C3 04 90 09 00 03 10 1B 0D 13 28 03 07 00 12 04 58 92 20 05 43 07 0B 12 06 00 12 04 19 89 91 11 11 11 3C 64 3A 49 02 00 4E 6B 2A 28 28 06 07 00 11 86 05 01 01 01 A0 1D 61 1B 80 02 07 80 A1 09 06 07 04 00 00 01 00 01 03 A2 03 02 01 00 A3 05 A1 03 02 01 00 6C 08 A3 06 02 01 29 02 01 02 |ProbeConnector.cpp|.|198
